13479 3386 7163 3925 15398 833 17691 11864 6435 5060 14353
8723 7273 16768 1404 6167 3223 3369 1376
9451 11466 1622 17090 3690 5039 2015 17091 6498 16546 17092
35421 1926 1328 1303 1290 1248 1305
28201 9948 18216 12682 13664 12479 16974
35289 13170 6833 5349 814 6338 13703
19133 10724 905 5952 3961 4607 836
9162 2512 13173 413 3387 10003 1548 786
8952 1197 15127 12234 16012 3896 705 1684 2690
30557 4989 11008 6358 10977 10250
16303 1293 3346 4375 509 6522 6523
14300 15266 6908 3981 4183 7453 5513 1778 723 179 180 5065 8845 5156 5157 4297 1209 9168 10954 11731 10464 7495 8469
30894 6184 2050 814 14589 16175 10693 4222 12923
31565 12358 20 7218 6918 8158 2611 9681 16349 12539
24902 4142 14191 649 4027 939
12992 11043 16558 2441 17580 12354 4719 1919
34547 16344 11920 12479 8033 268
23846 261 9349 17070 1637 15443
17016 4297 3806 12336 3068 10747 8033 8635 1079 2646 10927 2823
23349 4475 8786 2569 2236 12790
24116 819 1886 2371 17868 1161
16400 1746 1751 6279 6912 9543 1499 3729 2996 538 217 16127 1315 5615
27583 3986 5286 924 8985 2128 1680 2362 2486 3323 2514 16497 4217 9528 4624 997
8900 6171 9845 3507 4347 180 16847
9899 2456 8029 265 14758 1433
32141 5046 2792 1116 1031 4194 16957 16535
35028 1217 17612 15728 15022 1629
5209 4049 6735 14779 5684 130 2213
27254 17761 14503 15760 13768 9113 6317
30060 403 5635 7291 2486 1767
11972 2778 9399 12693 17690 16968 8231 5818
28119 4325 6965 1216 4313 17812
31526 10492 844 13299 2321 13132 11367 5261 8070 13262 13230 1775
16228 7209 11833 393 3875 7404 16777
8907 9845 2101 2102 437 8984
12989 15939 6502 7388 6455 14393
33486 4100 198 8253 1216 12227
27905 9978 14815 2563 5582 8989 3846
20524 1045 4960 8467 2544 14897 2512 124 8602 1156 3721 2183
4672 3834 11142 2307 948 5516 8452 5131 9264
14822 4334 5379 5351 1967 16859
23416 1491 4454 2239 8750 15403 8859
26964 2109 490 599 4861 15701 13983 12543
6922 29 1320 6138 752 1841 2207 3729 490 1400 9721 6415 733 1778 7091 3067 12591 3378 4744 12039 11716 11294
33663 179 7241 11510 8371 2758 2858 3136
29498 8274 11935 826 16125 14929 4424
6646 15868 15869 490 1818 15549 15371 5613 5612 5468 13574 15870 4730 3141 11280 15844 10536 9060 15310 850 6187 2478
23297 7885 4081 4653 7834 786 7122 2566 17796
8032 6401 4558 949 5304 15552 7718 2476
21347 14618 16171 1541 5512 2127
8553 5285 4211 1729 4736 10679 8575 16250 4640 4939 2204 2361 10899 5170
26546 4721 4144 7240 17340 14743
18976 6721 5256 3320 6798 10508 7749
21919 3236 13554 253 202 8669 5757 8153 5350 726 15411 4813 14352
30568 321 2720 14177 16217 7138
11862 10692 3896 2120 4864 991 3945 1395 825 2486
27228 10431 4408 16091 7205 13774
10623 3169 10794 5893 9264 939
10765 14601 10862 1515 6330 1026 10398 16123
23815 13208 1886 14644 17510 4111 2031
24679 94 5199 28 178 181
2500 5810 3556 1677 4076 10804 5512 10805 9097 5628 8573 10806 551 1759 4719 3947 4299 2486 4270 5470 596 3378 2362 10807 10808 57 5445 997 10809 10810 151 2652 6840 10811 10661 310 5286 4967 1679 10812 10813 10814 10815 1891 6841 5265 8276 10322 5997
13313 2990 10673 2026 3665 11454
19681 14118 3945 130 1058 969
8750 2717 7592 15823 12313 6161 11615 2002 1946 7325
34713 7973 9511 6427 13993 138
30815 219 4769 7126 10577 251 4532 1625 11281 6981
14860 16045 14822 16290 6936 9747 1147 62 11975 15041
31546 1302 371 1329 3200 3630 1241 1308 3910 1906 1525 1435 1959 1937 6820 1225
5609 13574 9097 2672 426 197 598 5177 2356 8755 4872
16583 16366 6385 16157 5015 3647 3042 7666 3943 1384
34982 11569 5294 14473 14764 3946 11837
8164 8214 13078 2471 7396 9376 13431 14250 1138 7554
26759 3142 1187 13142 9291 14860 547
253 1054 2178 2179 29 2180 2069 2181 2182
7789 13606 2703 8125 12934 10806
14270 2673 13215 9341 8768 2436
11932 57 9721 2126 4240 2505 309 15311 1962 5580
28292 17028 1440 185 14599 13243
15197 1886 8965 9515 7624 9144 825 16102 8728 4675 13336 13293 4956
17103 6597 17059 206 9823 17258 18130 7627
30818 219 977 7753 17540 528 259 17436
27151 8227 7831 2994 5065 2634 13091
3088 7778 5567 12048 1849 8859 627 2828
31832 7275 8896 1216 7687 4741
12224 165 5043 12806 629 996 4713
14480 8493 996 1776 319 6918 8280 375 8313 16894 15467 5066 13631
15627 464 7275 726 18127 685 1086
21322 751 9574 681 2076 467
27850 12128 1653 12567 1405 4364 3847 13327 2039 2784 756 3608 3044
16196 981 2138 12979 12140 8600 15648 7404 745
28887 2505 850 7219 635 8850
31097 13042 14569 8658 12308 2259
12640 1075 2810 4100 9876 907 5580
14691 7481 15738 17454 18019 7825
15569 180 3217 737 464 18062 488 772 1020 1084 18122 17112 7654 218
25276 3476 899 900 820 1113 2611 16349
25016 9896 13142 825 620 927
20251 8723 16358 13354 2902 412
11617 10031 7985 5161 1782 4450 2109 404 505
9086 251 4670 15514 4332 823 10850 15482
8006 949 9260 2138 5 6458 296 13520 4558
4216 2512 13686 5233 7863 1110
20920 860 820 12556 17873 12416 2716 13395 9840
19521 592 2046 4695 23 47 3141 1653 997 3067 1867
31873 11687 3068 2451 8034 12657
15836 6577 11851 4918 409 2922 540 6334 12440 17708 437
25446 13703 13264 4245 11837 13787
28631 12770 2880 13564 130 954 4531
34579 3240 1251 463 1343 1348 5778 1468 4602
3458 90 3569 12733 3134 2261 2553 12197 2798 11555 11199 12734 11414 9464 1123 6254 2580 2716 12735 629 11584 860 318 672 10896 29 3068 10313 6491 7157 2416 734 4268 12736 12737 8775 24 2522 4719 12738 12739 12740 9074 8865 12106 8955 12710 12741 2505 2894 9261 2290 1114 3807 12742 2829 650 12350 108 6471 5917 2954 2854 12458 2128 8635
19253 13500 13078 12422 17638 1211 11013 9590 14147
19187 2715 16465 47 8635 5091 17147 2898 2069
24438 13430 1125 13750 15668 3938 17773
29195 16992 1053 14368 6025 6924
31473 11044 5395 2036 151 14706
5381 2447 3287 2047 13145 9283 2135 6694 8592 3042 6490 1952 1557
8073 960 7304 2138 5626 850 1032 31
23071 820 12380 54 1708 2182 13429
15581 5190 727 15437 464 2577 7268
34324 12231 8147 18331 2623 11489 5817
28582 2228 5227 2895 8040 3202
11728 5087 3015 13247 13152 16421 12624 16461 17646 2886 2175 12667
8587 6318 2857 1056 9223 13907
28422 4715 4161 12487 5115 1056 3544 8878 8034 17022 1148 12529 12661 18225 3834 649 13240
32 342 281 343 344 345
13731 622 496 14927 5898 7056
15379 4712 13861 15091 15899 6786 14911
13344 15942 1912 6280 11662 4654 7279 15110 1624 5503 14947 7889 17897 15264 11521 7826 4308
18241 5756 2003 15817 10007 16632 12859
5595 197 198 9968 15131 8235
10923 435 10362 3451 16732 17083
23887 17403 1470 11354 17340 18106 5808
31219 1616 4653 489 13474 2583 14260
21135 12758 4268 17155 403 428
28249 2221 4118 17138 7292 11130 18314 16044
4781 2355 5898 5294 14277 57 2400 7048 2109 3323 929 2740 15 2824 2361 5158 11609 1863 1955 14278 900 3126
3509 2683 9552 6063 9513 7577 2098 9261 1138 2964
35064 2895 6092 16510 9529 11994
35437 6220 17091 744 17843 171
25313 13700 671 820 3063 130 2921
22758 3047 3029 4235 70 2743 1116 7063 8593
18404 10849 5250 7581 1666 2221 16009
25289 16553 12979 2146 6387 12888 3186 1030 13225
3760 12997 97 13002 3729 2505
32535 234 1393 4092 2898 296 10136 6762
1547 958 8140 2217 3323 8141
473 1394 3833 3834 2174 3700 403 1056 3835 3836 2447 3805
3397 2516 1685 690 9041 7530 12588 3428 10230 7646 5387 2540 2554 8955 2633 12589
28307 1039 541 1590 6662 379 16113 6141 7487 15083
8189 1116 8214 1957 13927 2340 40
15613 681 10157 253 5552 464
28681 41 4636 2183 8404 10337
3885 2547 11650 12616 9045 10896 2894 97 741 95 8662 5818 8649
22564 17239 7252 2183 8183 18281 14188 1751 17694
18393 12192 87 3655 8635 1391 3087 13643 11348 2853 5637 9455 6270
13299 6255 2514 17169 4048 564 17047
27956 2110 4985 4019 1396 13910 9229 6885 2165 11230 4027 5170 1776 2585 7783
24455 1100 2726 8632 2292 1125 3698 1058 11774 11776 17861 6092 1155
7570 7068 16327 16328 131 1948 1949 8428 2522 10188 12891
12581 11808 7128 1290 1248 3629 17772
29783 4821 4935 5982 6174 1222
27053 2356 1390 13003 2838 7595
1086 1302 1961 1248 1278 6753
16040 6584 2031 4841 6546 15125
20036 5590 12418 659 640 3725 2767
18695 12440 535 14961 1578 16722 6587 10348
16038 4841 1583 14836 16090 260
2178 6640 6645 10067 3802 817
29098 16321 3685 117 1706 6421 3556 11084 732 12954 4141 15661
19735 2573 206 4803 1234 5324 10383
1975 7344 9429 97 9509 8034
14695 15213 14587 16632 1608 1596 1993 10864 6572 10437 15817 184 6245 7481 1597 7678 379 4057
7378 29 14197 319 7191 1722 16243
15316 1706 1902 113 8271 14539 14954 2241 9742 12245 2461 2691 12544 13737 6304 9677
19430 4595 12997 2581 3944 11492 9385 4807
16158 236 1234 4617 466 9908 793 9174 4284 7195 353
2367 6731 10465 9755 9303 10466 10467
33337 16490 820 90 2410 8730 3311
3954 9412 97 2107 2139 8034 13413 13414
3973 7204 97 9455 4686 2744 8426 9677 4539 4691 13437 2237 326 86 2 9584 12481 3134 8662
34353 11060 612 3135 10039 3136 3375
34734 6653 13679 8034 6823 7617
6609 4730 3757 6342 7177 6654 1867
8531 1729 1160 692 13336 7175 3212 4053 7577 6390 11930 5512
33357 820 8991 130 8427 9396 17423 17659
15914 9450 5160 1993 1597 8337 8112 12919 17258
28408 11646 4068 649 16110 4192 16207 6930 1824 5879 4363 10725 5286 2478 17997 12210
9707 15729 14382 4654 15592 2080 14466 16295 11580 10835 15682
29959 7069 738 17332 17685 12078 4943
34208 10789 7213 8478 2743 8593
17551 5999 992 7821 1595 16847
29450 9659 2309 957 2128 4701
26237 3524 1866 13668 2512 8528
8850 504 426 5877 4497 5746
16838 14938 126 8317 4638 9122 330 234 235 3713 12743 688
10863 880 6699 14709 3001 8083
23028 13245 2887 13640 45 54 6835
14839 2580 4744 707 14997 7556 1048 17675
11703 1866 4967 7777 1425 7092 10347 9978 3248
21414 1020 14315 8038 1257 17737 15459
2380 10499 2217 3894 10488 2516 2914 6320 3571
16458 217 7358 3357 8290 7443 5128 6176
8893 5093 4027 6233 8963 9845 6809
12459 13130 8723 2320 2321 2842 845 2817 12741 3875 15257 8961 3324 4691 12229 2531 16154 5566 4093 4092 3907 13870 5727
28053 17977 17454 1993 16920 926 17231 10159
6519 11571 1045 14140 10459 2585 2062 692 16 571 7215
1850 9097 3063 5554 97 86 9098 1946 2403 9099
8619 645 10406 7308 16409 1932
27938 8605 844 11095 14359 768 288 3428
11814 5671 5566 1782 4293 15156
12572 6755 2970 7133 4620 3166 913 11614 4528
24086 486 426 11400 2871 2806 463 429 14276 1220
7566 14052 2858 12898 131 5274 16325 2914
24334 456 2871 16211 591 15131 10768
30587 2946 4047 16752 29 17745 6810 2612
8168 1127 2535 16287 7068 16307 8214 960 2471 9759 4876 2183 2863 113 122 2795 1100
21161 1077 1125 14449 9670 12373 9377 5387
11486 4850 428 534 378 4528
7336 35 4240 2556 2584 14240 6678 396 4280
501 4095 3770 3906 2361 1759 4096
17530 5235 7417 11316 4313 2767 14811
16910 17310 7069 13469 18031 16269 2484
8804 7002 1512 4902 3428 5316 504
5721 855 86 820 2328 5230 2894 11263 2140
33785 3418 673 13028 6932 13296 707
35475 1352 6949 3633 1262 1363
18184 2192 404 3566 4471 819 4245 649 490 2128 14115 1680 3878
31930 17078 4813 17006 13802 2478
8467 12941 9433 2996 7004 12445
17219 13938 3746 14647 7127 2566 2409 5712 10489 5177 11200 2554 13325
31959 15713 9060 7131 11760 10677
19308 19 11302 3911 5628 3691 5201 2323 4129 15853 8994 4147 16684 490
34630 988 596 6648 13722 4630
4096 6433 651 13572 2671 1131 97 417
7544 4440 16284 131 4588 15171 844
32310 4432 3844 2470 15342 4002
22221 2907 733 6459 857 1684 13073 4012
594 4707 4708 4709 4710 492
5729 1293 2315 1087 3875 47 5302
32197 3644 16892 6315 2079 8426 2175 28 4548 17599 922 3311 13040
14399 16032 15386 4045 7116 1979
31590 16958 13541 2555 18337 2482
32507 2608 8633 51 2231 657 12478
14627 8960 814 8708 14563 3514 3507 4245 1388 691 18013 15468 3463 3323 3940 4128 670 9237 759 2769
2071 867 4113 4631 534 743
4129 583 534 332 11617 2237 6388 13017 8603 2646
16672 4779 5277 666 1397 5444 9929 2505 14500 13932 14125 8452 7239 825 15173 90 12012 789 1659 9136 1661 2458 13327 2260
26308 8988 1148 4432 13873 15206 2778 13121
19795 14329 17033 3755 531 7710 1615 15877 14639 2015
25906 2139 633 17836 1685 13298 12059 12637
22469 7396 844 13059 752 11464 3883 12365 7237 4558
14278 1049 17697 13425 2616 8400 13925 981 659 2170 13215 16446 2179 2388 2689
28942 12216 3792 14026 6173 11373
26095 15645 5293 3095 3522 4181 6091 1402 683 13804 18170 4002 15862 2478
30135 8033 13240 11094 16435 47 16846 15236 3659 12346
25179 18168 2236 2322 16014 2371 8700 6091 8391 2778
35204 4996 17285 8754 8211 1546
18478 3072 11741 1029 3336 2777 7530
19487 2397 6300 16140 10001 1773
19034 1039 383 4284 9029 6436
31384 609 1513 2840 2816 6647
35033 12669 1116 3090 3321 7617
9699 2879 11025 5659 5255 15228 7740
6107 7885 1996 613 1669 1732 7883 15521 5051 8127 5380 15522 4868 8743 15523 13597 2204 10725 1006 14597 836 13106 10086 13737 10438 981 29 3943 939
6877 1055 1320 9020 403 1867 8786 2241 4871 804 1773 649 10261 2046
14002 17819 6305 829 992 7871 7957
25794 5688 6027 2810 4654 996 4590 11636 10858 2788 15469
29021 1706 5419 703 4162 14473 17860 8750 10086 2092 11899 691 811 4728
21918 662 4755 6388 373 3236
20630 511 4111 552 9963 14413
7841 3661 12685 15453 127 15915
11855 158 183 16882 7094 6661 4328 529
27235 6407 14544 12913 4307 6034 13848 4305 1853
28206 16280 3299 1776 40 9479 16356
27448 10102 16607 3026 2239 8374 1783
22984 1231 1441 11904 17407 1383 893 3336
20616 6235 7409 137 5758 6497
30098 5270 7362 12346 23 2
33628 7164 14034 3944 16243 16271
9881 1577 9860 2403 751 10013
34245 11787 8518 5384 5515 10699
22291 4066 99 16537 630 11593 13148 13585
10420 7221 10208 11822 7795 7125 1071 1632 202
28889 14025 2744 8381 2410 12509 17151 7219 2726 14071 2139 2682 13546
2980 11859 7490 11858 1797 8795 9498 11860
25913 9601 1692 5721 15715 365 2236 1778 10996 16390
27506 4911 8769 4037 4461 573
6736 7474 3571 6405 704 10747 2403 9175 404 11476 599 814 4834 13554 5409 8299 2858 5285 10691 4005 825 15924 2401 634 5865 10772 4053 2113 12076 15925 14173 15926 2664
30150 2601 4791 8468 4079 15086
22668 28 94 12492 12673 13653 2544 2465
20693 13843 7600 10726 8491 1805 523 1867
17655 1841 6926 16635 6908 6622 4963 1785 549 2456 17918
22792 13651 6122 2306 2723 9390 14488 6829 1948 1952 2198 18201 13127 2349
18518 9734 315 1052 13554 670
33237 13079 16594 17418 7085 16795 18154
9488 1258 556 445 7085 4140 3436 17101
12924 5556 11316 5815 615 29 8341 16219 7275
24974 12040 9403 2847 8039 2397
28341 13109 12509 14957 2896 8637
16615 77 4105 6190 4177 8730
15865 216 18102 16786 3975 6497 9448 11909 7912 6334 1637 3956 7086 681 6599
30583 18344 12424 4102 179 18296
24280 2070 16148 10805 13062 3431 5290 14 90 2977
11409 824 420 9811 10173 715
11373 6621 1615 11066 393 420
14542 16332 4493 2694 15572 1663
24417 3214 12163 11769 2185 15352 2989 12987 4177 2987 10638 4238 2904 8645
24994 57 3343 8387 412 5261 5656
3968 97 4200 2451 11913 13433
3229 11885 6056 77 2642 54 94 12299 2306 2443 2882 115 2330 49 3544 2894 2157 35 820 7801 106 97 11471 12300 2771 12301 2135 6254 9053 2410 7145
22537 752 3589 13321 2127 15164
18546 5254 9731 2204 13970 2806
22508 752 551 734 240 490 1400
20776 16051 550 7981 311 9023 7949 1050
32302 12690 1685 1055 8481 4088 12286 8527
10779 1026 14396 8691 13582 5375
35070 16274 8685 2362 11219 9278
26629 17155 7905 17480 5503 15149 7871 1849 18146 8227 13504 4532
28610 1043 2732 820 2290 5855 12987 4415
34963 16338 2460 2365 18325 3087 13833 8675 2464 11417 1036
24672 60 13299 75 8494 12601 1969 2300 2881 2884 16284 6089 9610 94
5375 2665 14952 13161 14919 14194 9462 29 3475 178 14008 3876 14953 11440 12263 1090 12413
31448 4500 7589 2792 3472 4167 16101
10685 6590 4109 10294 5256 14352
13854 14504 1149 5128 2113 7996 8012 1767 3270
859 5845 5946 5947 3260 5948 5949 518 2204 1868 3915 5950
11169 8264 789 5605 3929 17338 564 4400 15075
3468 1110 2261 6254 3799 11468 3074 674 12767
3271 1393 9465 2823 11028 11290 2532 10883 12355 12356 8197 8198 6863 4762 2224 12233 8040 8932 3459 9371
34359 10416 17743 6149 13342 650
4307 12553 6494 8940 2580 2716 12516 321 318 2858 12804 13738
20383 10058 4805 17068 6447 12099
2740 701 4963 5456 1855 10497 2615 8279 10208 24 4525
34545 7091 13945 365 15967 5370
34510 3513 5885 1056 2768 2101 12509 9843
13431 7078 4500 1114 2568 3736 99 11789 10498 124
3108 12085 12086 654 9806 283 12077
30545 2522 7337 3077 11241 13603
23965 798 16951 7007 65 4767
18254 5797 4092 3564 1669 3217 4864 4065 1680 5609 2113
14901 7896 557 17925 4083 4642 5600
34364 15230 5030 5938 14708 1639 17795
28148 8440 2342 1949 2241 16690 16391 4749 8105 7871 7762
4801 14308 6569 14309 14310 13243 206 12896 8099 464 769 8098 9918 5359 615 4013 3764 2492 7279 4970 11957 14307 1632 14311 5149 4373
495 2458 3726 3770 4059 403
5092 7817 14672 1894 2107 5064 691 9003 1030 1063 14670 7191 9530 14673
17368 16498 11144 786 770 15268 3034
18747 10079 2999 5777 1967 4220 3370
19118 10196 2314 4989 10248 6661 529
34983 10682 1806 4010 4220 931
3169 2157 2285 922 6318 596 3595 56
10877 17471 1195 560 26 3407 7199 13912
16098 7922 226 10606 158 1580 11955 13243 16755 15122 13489
12183 2087 7495 3778 7163 1032 13241
14239 4244 662 9299 2764 2476 8345 15814 10957 657 12374 1045 10635 8460 11167 9302 2422 10567 4692 243 8789
25644 1059 2597 29 2803 5234 1063 3822 5 17021
22970 57 14263 7050 11988 2256
15060 6445 6730 10010 6538 6208
15946 433 2790 1773 14787 2353
27671 11066 12900 13296 17008 5343 5445
31346 734 8276 1767 5235 3729 8023 677 2204
18617 5553 14810 474 1273 8015 6021
26391 1577 8630 15246 2403 3011 12817
18102 16560 3598 13661 1759 14232
30919 8387 2605 12138 2365 2231
8870 6532 194 2138 372 1210
9246 16536 10063 3516 2351 3895 14744 4683 825
26630 17915 9349 1596 15031 12916 11355
19500 4299 7443 1864 1773 4963 1470 10617 14593
9302 6688 5713 5350 1020 3959 16997 15823 3281 16998 14856 6158
18631 14219 2947 11218 16209 13554 15006 5582 11570 1720 106
12842 6122 15025 1145 17821 16005 4981 9302 5855 11297
27861 1653 9713 3887 13722 787 1615
28611 16159 11526 11480 6677 2820 6595 153
7361 7304 1043 35 820 730 90 2303 379 124 14213 8456 16235 2912 12465
26979 4943 16419 2439 7292 16943
16677 1777 18184 18031 7463 4569
34890 364 11031 9142 16751 12791
1061 6211 4577 6692 2661 4967
437 3565 3598 674 1065 29 3102 3599
3289 9155 10964 7241 2832 12100 3109 2707 6929 1715 6360
19058 18067 9298 3278 4404 4847
32116 1694 18204 2046 2568 8478 12671 17174 9318 7992 2321 5575 13487 1030 8341 12822
31564 11313 10124 11316 7436 18069
15478 6587 1068 17972 7918 15267 752
6264 7214 11969 8583 1157 13468 15636 29 15637 8764 7590 14106 9466 5405 673 8956 8023
1163 7000 7001 7002 64 207 7003
24700 2342 5516 179 94 8020
4231 9557 853 9479 12610 9457 40 13703 962 13250 3076 5725 1783 11171
16702 3782 2087 15557 1777 12550 14131 13088 8170 11631 13519 1807 3991 2779
25398 13670 12375 9212 9732 9318 7740 17033
22836 1948 7801 12736 8954 1118
19442 1709 16309 5650 11100 14517 4226
21867 386 5029 3141 4958 8984
3320 2744 12438 9543 2751 1778 8791 2471 2778 8629 2362 1170
2017 4426 4240 6440 2568 2139 1948 9599
2892 10944 2130 2682 10153 1216 4313 207 707 4464
22959 6827 9598 3030 4878 3006
15455 15122 3680 18066 16317 3689 2928 792 8839 17207 3406 12964 11852 17619 4761 2931 9092 15745
13831 5252 4345 2127 16736 2699
12594 3287 5969 40 8674 3877 8702
3720 5917 86 8656 6318 3031 7190 2771 4248 97 1110 1702 4479 11337 3076 3077 8467 13107 922 3657 11490 8635 7004
3466 12758 2261 321 4749 9455 9278 12759 39 4053 12760 12761
113 513 862 863 335 864 281 865 333 866 824
9205 10434 6112 1029 1988 474 3953 2000 748 4313 7955 8360 12070 1993 16960 15295 2013 11934 16961 15214 16962 2571 8978 16963 705 180 12689 669 11745 2960
3140 9519 2157 1190 12145 12146 8726 44 6397
27658 10707 4169 15577 12390 12613
15520 20 4192 9092 16144 10312 820
19350 18259 2155 4125 2671 2323
25514 3141 4919 3142 3832 2127 7979 10725 6339 10296
34375 9344 2309 6270 2147 9455
7774 3132 5898 9738 11131 2814 15673
33124 1022 14525 3355 17829 12895 188 15109
16886 11691 2995 29 1401 2217 4194
5033 4241 438 491 12174 810 2986
9114 2991 1393 2846 2545 11588 2550 2236 8895
33159 1302 8755 6513 7390 1562 17451 1248 8211 1466 17653 1312
13769 3925 3916 5540 4975 3337
16244 2906 2356 16351 14301 2165 12613 17145 8621
32491 4461 4655 8274 239 732
9249 10063 11063 4521 7192 6622 4237 1553 1773 1674 7941
31950 9208 14998 8605 12341 8084 10457
21422 4403 1747 685 3767 17259 7275 1020 686
14692 3721 7481 540 748 935
1862 2843 2901 3428 9126 29 3413 2205 2383 9127 3251 4393 4326 6762 1273
6804 3260 649 551 11973 11183
34758 2568 2831 12985 9389 9471
34478 8952 8299 670 23 2046 6503 9426 16027
8415 2345 855 12358 13023 4134 15343 6092 7292 4783 11593
6775 2761 3064 10463 1862 3745 6101
1115 64 4650 6709 6843 1275 3142 6844 3424 737 386 1246 5056 569
3236 7139 11641 12145 2157 2662 2126 1055 2921
16565 16948 1932 29 16206 470
7958 1153 13999 87 1391 3337 15398
6963 16049 842 11398 5324 16050
22933 10027 1130 2769 5129 11168 15853
25917 2236 820 4499 5726 234 3475 3068 9396 2091 12081 7992 652 8803 14007
13965 829 9918 4272 1797 4971
19400 520 903 16344 7038 1290 1289 4343 463 680 1017 1528 5778 1527 1281 4361 5225 5247 1546
15073 17557 7309 6156 158 5777
11532 10572 378 439 202 158
16914 12638 5865 3088 8034 2484
10311 3145 72 79 9204 844
27421 12992 6122 13458 8516 15903
26631 1684 10789 17624 18186 6556 5393
28637 6076 4513 9478 10852 11077 1897 23
22589 9290 801 820 230 9350 11567 6489 2580 707 17731 9638 5586 975
10197 6985 2805 219 829 15062 6883 11563
7994 9844 2583 7242 4711 4717 279 16521 3490 8180 3534
27229 8615 727 1629 10431 7275 15667 216 1607 1257 10402
23139 3761 8664 4678 2830 2331
22160 2966 94 1032 1161 12232 13722 2835 121
8022 9278 2307 14428 949 99 8933
22301 2311 15909 4066 15922 8279
1155 1936 2344 890 6972 6973 6905 6974 421 6975 5197 64 1858
31421 1767 5512 8276 11479 4630
7814 16451 15453 2525 4674 13866 5602 16452 11071 13308
7083 9133 5691 1514 1499 9940
16426 13882 14574 752 4316 17616 14612
30154 6222 1586 1873 15298 8468 5723
15357 10459 6873 15574 14809 9528
6753 6158 1685 235 8958 857 4682 2365 106 8845 4834 13897 8649 108 12422 9666 967 2486
3441 2052 90 2046 179 9879 2168
35280 4704 13936 5462 4073 12664 12750
30357 5267 1886 4092 2322 11682
34200 2107 6190 2443 47 12750
23038 2553 4543 54 1932 1402 5187 4933
1102 6788 3036 6791 6792 2025
10906 2565 7279 1494 487 7500 17378
13288 15490 3853 7639 17732 2217
12475 8594 1782 17127 611 15583 12975
31704 2451 925 7594 8831 794
27572 8190 7826 18019 14837 15300 17963
25971 729 6220 5836 6202 6729 462 625 5854 461
2708 11311 5553 11312 7275 10766 5281 11313 180 11314 1597 226 6884 6116 4140 2000 1596 11315 3002 2466 7411 11316 2015 11317 10503 11318 7449 11319 541
22907 5932 6812 458 4426 1752
6303 4498 4433 11087 11233 10584 482
24604 14187 8273 5517 2175 2186 2182 1652
17505 5281 863 11952 10366 15302 187 11674
8270 4496 2513 8616 1200 2303 3913 2516
28996 16662 202 5584 215 1602
276 2400 1054 2401 2402 2333
30612 11243 8975 18089 8656 29
31567 11878 6592 1608 18289 1022 6810
323 1054 2755 86 2138 820 1050
9183 14813 11224 649 451 4873 11064 15123
7977 9698 12641 5727 2445 13046 9318 76 6830
21454 4812 17803 17003 11940 17908
20451 15666 2133 1846 7839 69
7229 35 16180 2683 13139 6849 16181 2019 850 2107 2309 47 16182 5131
22365 8155 1733 6239 538 505
12682 10472 6745 2098 7626 9357 2138 2496 13020 448
26949 15892 13209 10409 766 5955
25983 10756 14704 4317 4603 9809
21113 1971 1115 1930 4027 7096 1646 15528 15425 9244
22400 2398 1715 10754 8050 1906 8620 15857
18273 15894 1768 17971 944 14453 5152 7039
4025 922 8781 97 5024 13498 13499 11477 13500
1887 9198 9199 9200 2822 9201 7804 4008 4923 825 9202 9203 1783 3619 810 2362 1388
